Ref: 1260 - 2025-12-04 08:11:40.761641
Ref: 8500 - 2025-12-04 08:11:41.808631
Ref: 5217 - 2025-12-04 08:11:44.821788
Ref: 8883 - 2025-12-04 08:11:45.511926


